セクション,セクション_ja,項目,項目_ja,2026年モデル 007+ 増程 308 Ultra+レーザーレーダー版,2026年モデル 007+ 純電 650 Ultra+レーザーレーダー版,2026年モデル 純電 610 フラッシュ版,2026年モデル 007+ 純電 565 Ultra+4WDレーザーレーダー版,2025年モデル 増程 230Max クルーズ版,2025年モデル 純電 550Air クルーズ版,2025年モデル 純電 550Max クルーズ版,2025年モデル 純電 550 行政版,2025年モデル 純電 650Max クルーズ版,2025年モデル 純電 650 行政版
基本参数,基本仕様,厂商指导价(元),メーカー希望小売価格(元),"14.49万元（日本円 約3,042,900円）","14.49万元（日本円 約3,042,900円）","14.49万元（日本円 約3,042,900円）","15.49万元（日本円 約3,252,900円）","13.09万元（日本円 約2,748,900円）","11.59万元（日本円 約2,433,900円）","13.09万元（日本円 約2,748,900円）","15.99万元（日本円 約3,357,900円）","13.49万元（日本円 約2,832,900円）","17.99万元（日本円 約3,777,900円）"
基本参数,基本仕様,经销商报价,ディーラー販売価格（元）,"14.19万元（日本円 約2,979,900円）","14.19万元（日本円 約2,979,900円）","13.69万元（日本円 約2,874,900円）","15.19万元（日本円 約3,189,900円）","12.59万元（日本円 約2,643,900円）","11.59万元（日本円 約2,433,900円）","12.59万元（日本円 約2,643,900円）","15.99万元（日本円 約3,357,900円）","12.99万元（日本円 約2,727,900円）","17.99万元（日本円 約3,777,900円）"
基本参数,基本仕様,厂商,メーカー,イーパイテクノロジー,イーパイテクノロジー,イーパイテクノロジー,イーパイテクノロジー,イーパイテクノロジー,イーパイテクノロジー,イーパイテクノロジー,イーパイテクノロジー,イーパイテクノロジー,イーパイテクノロジー
基本参数,基本仕様,级别,クラス,中大型車,中大型車,中大型車,中大型車,中大型車,中大型車,中大型車,中大型車,中大型車,中大型車
基本参数,基本仕様,能源类型,エネルギータイプ,レンジエクステンダー式,純電動,純電動,純電動,レンジエクステンダー式,純電動,純電動,純電動,純電動,純電動
基本参数,基本仕様,环保标准,環境基準,国VI（排ガス基準）,-,-,-,国VI（排ガス基準）,-,-,-,-,-
基本参数,基本仕様,上市时间,発売時期,2025-11-10,2025-11-10,2026-03-28,2025-11-10,2025-11-10,2025-11-10,2025-11-10,2025-06-04,2025-11-10,2025-06-04
基本参数,基本仕様,WLTC纯电续航里程(km),WLTC航続距離(km),225,-,-,-,170,-,-,-,-,-
基本参数,基本仕様,CLTC纯电续航里程(km),CLTC航続距離(km),308,650,610,565,230,550,550,550,650,650
基本参数,基本仕様,电池快充时间(小时),バッテリー急速充電時間(時間),0.2,0.27,0.27,0.27,0.2,0.27,0.27,0.27,0.27,0.27
基本参数,基本仕様,电池快充电量范围(%),バッテリー急速充電量範囲(%),30-80,30-80,30-80,30-80,30-80,30-80,30-80,30-80,30-80,30-80
基本参数,基本仕様,最大功率(kW),最大出力(kW),160,200,200,400,160,160,160,160,200,200
基本参数,基本仕様,最大扭矩(N·m),最大トルク(N·m),310,310,310,620,310,310,310,310,310,310
基本参数,基本仕様,变速箱,トランスミッション,電気自動車用単速変速機,電気自動車用単速変速機,電気自動車用単速変速機,電気自動車用単速変速機,電気自動車用単速変速機,電気自動車用単速変速機,電気自動車用単速変速機,電気自動車用単速変速機,電気自動車用単速変速機,電気自動車用単速変速機
基本参数,基本仕様,车身结构,ボディ構造,5ドア5人乗りハッチバック,5ドア5人乗りハッチバック,5ドア5人乗りハッチバック,5ドア5人乗りハッチバック,5ドア5人乗りハッチバック,5ドア5人乗りハッチバック,5ドア5人乗りハッチバック,5ドア5人乗りハッチバック,5ドア5人乗りハッチバック,5ドア5人乗りハッチバック
基本参数,基本仕様,发动机,エンジン,レンジエクステンダー 105馬力,-,純電動,-,レンジエクステンダー 105馬力,-,-,-,-,-
基本参数,基本仕様,电动机(Ps),モーター出力(Ps),218,272,272,544,218,218,218,218,272,272
基本参数,基本仕様,长*宽*高(mm),全長×全幅×全高(mm),4880×1915×1476（mm）,4880×1915×1476（mm）,4890×1915×1476（mm）,4880×1915×1476（mm）,4880×1895×1476（mm）,4880×1895×1470（mm）,4880×1895×1476（mm）,4880×1895×1470（mm）,4880×1895×1476（mm）,4880×1895×1470（mm）
基本参数,基本仕様,官方0-100km/h加速(s),公式0-100km/h加速(s),7.5,5.7,5.7,3.7,7.2,6.8,6.8,6.8,5.7,5.7
基本参数,基本仕様,最高车速(km/h),最高速度(km/h),171,171,171,171,171,171,171,171,171,171
基本参数,基本仕様,CLTC综合油耗(L/100km),CLTC総合燃費(L/100km),0.53,-,-,-,0.53,-,-,-,-,-
基本参数,基本仕様,WLTC综合油耗(L/100km),WLTC総合燃費(L/100km),0.43,-,-,-,0.56,-,-,-,-,-
基本参数,基本仕様,最低荷电状态油耗(L/100km)WLTC,最低充電状態燃費(L/100km)WLTC,4.73,-,-,-,4.73,-,-,-,-,-
基本参数,基本仕様,最低荷电状态油耗(L/100km)CLTC,最低充電状態燃費(L/100km)CLTC,4.2,-,-,-,4.2,-,-,-,-,-
基本参数,基本仕様,电能当量燃料消耗量(L/100km),電力換算燃料消費量(L/100km),-,1.46,1.58,1.76,-,1.38,1.38,1.38,1.46,1.46
基本参数,基本仕様,油电综合燃料消耗量(L/100km),ガソリン・電力総合燃料消費量(L/100km),2.37,-,-,-,2.43,-,-,-,-,-
基本参数,基本仕様,整车质保,車両保証,-,-,-,-,-,-,-,-,-,-
基本参数,基本仕様,首任车主质保政策,初回オーナー保証方針,● 生涯保証／非営業用（免責条項は公式基準による）,● 生涯保証／非営業用（免責条項は公式基準による）,● 生涯保証／非営業用（免責条項は公式基準による）,● 生涯保証／非営業用（免責条項は公式基準による）,● 生涯保証／非営業用（免責条項は公式基準による）,● 生涯保証／非営業用（免責条項は公式基準による）,● 生涯保証／非営業用（免責条項は公式基準による）,● 生涯保証／非営業用（免責条項は公式基準による）,● 生涯保証／非営業用（免責条項は公式基準による）,● 生涯保証／非営業用（免責条項は公式基準による）
基本参数,基本仕様,整备质量(kg),車両重量(kg),1916,1852,1874,1999,1847,1759,1759,1759,1852,1852
基本参数,基本仕様,最大满载质量(kg),最大積載質量(kg),2300,2279,2279,2442,2227,2194,2194,2194,2279,2279
车身,車体,长度(mm),全長(mm),4880,4880,4890,4880,4880,4880,4880,4880,4880,4880
车身,車体,宽度(mm),全幅(mm),1915,1915,1915,1915,1895,1895,1895,1895,1895,1895
车身,車体,高度(mm),全高(mm),1476,1476,1476,1476,1476,1470,1476,1470,1476,1470
车身,車体,轴距(mm),ホイールベース(mm),2915,2915,2915,2915,2915,2915,2915,2915,2915,2915
车身,車体,前轮距(mm),前トレッド(mm),1625,1625,1625,1625,1625,1620,1625,1620,1625,1620
车身,車体,后轮距(mm),後トレッド(mm),1635,1635,1635,1635,1635,1630,1635,1630,1635,1630
车身,車体,接近角(°),アプローチアングル(°),14,14,14,14,14,14,14,14,14,14
车身,車体,离去角(°),デパーチャーアングル(°),15,15,14,15,15,15,15,15,15,15
车身,車体,最小转弯半径(m),最小回転半径(m),5.6,5.6,5.6,5.6,5.6,5.6,5.6,5.6,5.6,5.6
车身,車体,车身结构,ボディ構造,ハッチバック車,ハッチバック車,ハッチバック車,ハッチバック車,ハッチバック車,ハッチバック車,ハッチバック車,ハッチバック車,ハッチバック車,ハッチバック車
车身,車体,车门开启方式,ドア開閉方式,観音開きドア,観音開きドア,観音開きドア,観音開きドア,観音開きドア,観音開きドア,観音開きドア,観音開きドア,観音開きドア,観音開きドア
车身,車体,车门数(个),ドア数(枚),● 5（個）,● 5（個）,● 5（個）,● 5（個）,● 5（個）,● 5（個）,● 5（個）,● 5（個）,● 5（個）,● 5（個）
车身,車体,座位数(个),乗車定員(名),● 5（個）,● 5（個）,● 5（個）,● 5（個）,● 5（個）,● 5（個）,● 5（個）,● 5（個）,● 5（個）,● 5（個）
车身,車体,油箱容积(L),燃料タンク容量(L),45,-,-,-,45,-,-,-,-,-
车身,車体,后备厢容积(L),トランク容量(L),452-1026,452-1026,452-1026,452-1026,452-1026,452-1026,452-1026,452-1026,452-1026,452-1026
车身,車体,风阻系数(Cd),空気抵抗係数(Cd),0.209,0.209,0.209,0.209,0.209,0.209,0.209,0.209,0.209,0.209
发动机,エンジン,发动机型号,エンジン型式,DFMC15DE,-,-,-,DFMC15DE,-,-,-,-,-
发动机,エンジン,排量(mL),排気量(mL),1497,-,-,-,1497,-,-,-,-,-
发动机,エンジン,排量(L),排気量(L),1.5,-,-,-,1.5,-,-,-,-,-
发动机,エンジン,进气形式,過給形式,自然吸気,-,-,-,自然吸気,-,-,-,-,-
发动机,エンジン,发动机布局,エンジン配置,横置き,-,-,-,横置き,-,-,-,-,-
发动机,エンジン,气缸排列形式,シリンダー配列,L,-,-,-,L,-,-,-,-,-
发动机,エンジン,气缸数(个),シリンダー数(個),4,-,-,-,4,-,-,-,-,-
发动机,エンジン,每缸气门数(个),1気筒あたりバルブ数(個),4,-,-,-,4,-,-,-,-,-
发动机,エンジン,配气机构,バルブ機構,DOHC,-,-,-,DOHC,-,-,-,-,-
发动机,エンジン,最大马力(Ps),最高出力(Ps),105,-,-,-,105,-,-,-,-,-
发动机,エンジン,最大功率(kW),最大出力(kW),77,-,-,-,77,-,-,-,-,-
发动机,エンジン,最大功率转速(rpm),最大出力発生回転数(rpm),-,-,-,-,-,-,-,-,-,-
发动机,エンジン,最大扭矩(N·m),最大トルク(N·m),137,-,-,-,137,-,-,-,-,-
发动机,エンジン,最大扭矩转速(rpm),最大トルク発生回転数(rpm),-,-,-,-,-,-,-,-,-,-
发动机,エンジン,最大净功率(kW),最大正味出力(kW),74,-,-,-,74,-,-,-,-,-
发动机,エンジン,能源类型,エネルギータイプ,レンジエクステンダー式,純電動,純電動,純電動,レンジエクステンダー式,純電動,純電動,純電動,純電動,純電動
发动机,エンジン,燃油标号,燃料オクタン価,レギュラーガソリン（92号）,-,-,-,レギュラーガソリン（92号）,-,-,-,-,-
发动机,エンジン,供油方式,燃料供給方式,直噴,-,-,-,直噴,-,-,-,-,-
发动机,エンジン,缸盖材料,シリンダーヘッド材質,アルミ合金,-,-,-,アルミ合金,-,-,-,-,-
发动机,エンジン,缸体材料,シリンダーブロック材質,アルミ合金,-,-,-,アルミ合金,-,-,-,-,-
发动机,エンジン,环保标准,環境基準,国VI（排ガス基準）,-,-,-,国VI（排ガス基準）,-,-,-,-,-
电动机,モーター,前电动机品牌,前モーターブランド,-,-,-,チーシンテクノロジー,-,-,-,-,-,-
电动机,モーター,后电动机品牌,後モーターブランド,チーシンテクノロジー,チーシンテクノロジー,チーシンテクノロジー,チーシンテクノロジー,チーシンテクノロジー,チーシンテクノロジー,チーシンテクノロジー,チーシンテクノロジー,チーシンテクノロジー,チーシンテクノロジー
电动机,モーター,前电动机型号,前モーター型式,-,-,-,TZ200XS3F1,-,-,-,-,-,-
电动机,モーター,后电动机型号,後モーター型式,TZ200XS3F0,TZ200XS3F1,TZ200XS3F1,TZ200XS3F1,TZ200XS3F0,TZ200XS3F0,TZ200XS3F0,TZ200XS3F0,TZ200XS3F1,TZ200XS3F1
电动机,モーター,电机类型,モーター種類,永久磁石／同期型,永久磁石／同期型,永久磁石／同期型,永久磁石／同期型,永久磁石／同期型,永久磁石／同期型,永久磁石／同期型,永久磁石／同期型,永久磁石／同期型,永久磁石／同期型
电动机,モーター,电动机总功率(kW),モーター総出力(kW),160,200,200,400,160,160,160,160,200,200
电动机,モーター,电动机总马力(Ps),モーター総馬力(Ps),218,272,272,544,218,218,218,218,272,272
电动机,モーター,电动机总扭矩(N·m),モーター総トルク(N·m),310,310,310,620,310,310,310,310,310,310
电动机,モーター,前电动机最大功率(kW),前モーター最大出力(kW),-,-,-,200,-,-,-,-,-,-
电动机,モーター,前电动机最大扭矩(N·m),前モーター最大トルク(N·m),-,-,-,310,-,-,-,-,-,-
电动机,モーター,后电动机最大功率(kW),後モーター最大出力(kW),160,200,200,200,160,160,160,160,200,200
电动机,モーター,后电动机最大扭矩(N·m),後モーター最大トルク(N·m),310,310,310,310,310,310,310,310,310,310
电动机,モーター,驱动电机数,駆動モーター数,単モーター,単モーター,単モーター,デュアルモーター,単モーター,単モーター,単モーター,単モーター,単モーター,単モーター
电动机,モーター,电机布局,モーター配置,後置き,後置き,後置き,前後置き,後置き,後置き,後置き,後置き,後置き,後置き
电动机,モーター,三电首任车主质保政策,三電装初回オーナー保証方針,● 生涯保証／非営業用（免責条項は公式基準による）,● 生涯保証／非営業用（免責条項は公式基準による）,● 生涯保証／非営業用（免責条項は公式基準による）,● 生涯保証／非営業用（免責条項は公式基準による）,● 生涯保証／非営業用（免責条項は公式基準による）,● 生涯保証／非営業用（免責条項は公式基準による）,● 生涯保証／非営業用（免責条項は公式基準による）,● 生涯保証／非営業用（免責条項は公式基準による）,● 生涯保証／非営業用（免責条項は公式基準による）,● 生涯保証／非営業用（免責条項は公式基準による）
电池/充电,バッテリー／充電,电池类型,バッテリー種類,● リン酸鉄リチウム電池,● リン酸鉄リチウム電池,● リン酸鉄リチウム電池,● リン酸鉄リチウム電池,● リン酸鉄リチウム電池,● リン酸鉄リチウム電池,● リン酸鉄リチウム電池,● リン酸鉄リチウム電池,● リン酸鉄リチウム電池,● リン酸鉄リチウム電池
电池/充电,バッテリー／充電,电芯品牌,電池セルブランド,● 東昱欣晟（メーカー名）,● 東昱欣晟（メーカー名）,● 東昱欣晟（メーカー名）,● 東昱欣晟（メーカー名）,● 東昱欣晟（メーカー名）,● 東昱欣晟（メーカー名）,● 東昱欣晟（メーカー名）,● 東昱欣晟（メーカー名）,● 東昱欣晟（メーカー名）,● 東昱欣晟（メーカー名）
电池/充电,バッテリー／充電,电池特有技术,バッテリー独自技術,マッハバッテリー,マッハバッテリー,マッハバッテリー,マッハバッテリー,マッハバッテリー,マッハバッテリー,マッハバッテリー,マッハバッテリー,マッハバッテリー,マッハバッテリー
电池/充电,バッテリー／充電,电池冷却方式,バッテリー冷却方式,直冷式,直冷式,直冷式,直冷式,直冷式,直冷式,直冷式,直冷式,直冷式,直冷式
电池/充电,バッテリー／充電,WLTC纯电续航里程(km),WLTC航続距離(km),225,-,-,-,170,-,-,-,-,-
电池/充电,バッテリー／充電,CLTC纯电续航里程(km),CLTC航続距離(km),308,650,610,565,230,550,550,550,650,650
电池/充电,バッテリー／充電,CLTC综合续航(km),CLTC総合航続距離(km),1308,-,-,-,1230,-,-,-,-,-
电池/充电,バッテリー／充電,电池能量(kWh),バッテリー容量(kWh),35.03,73.5,73.5,73.5,28.4,58.4,58.4,58.4,73.5,73.5
电池/充电,バッテリー／充電,百公里耗电量(kWh/100km),100kmあたり消費電力(kWh/100km),16.7,12.6,13.6,15.2,12.8,11.9,11.9,11.9,12.6,12.6
电池/充电,バッテリー／充電,快充功能,急速充電機能,対応,対応,対応,対応,対応,対応,対応,対応,対応,対応
电池/充电,バッテリー／充電,快充功率(kW),急速充電出力(kW),144,245,245,245,116,188,188,188,245,245
电池/充电,バッテリー／充電,电池快充时间(小时),バッテリー急速充電時間(時間),0.2,0.27,0.27,0.27,0.2,0.27,0.27,0.27,0.27,0.27
电池/充电,バッテリー／充電,电池快充电量范围(%),バッテリー急速充電量範囲(%),30-80,30-80,30-80,30-80,30-80,30-80,30-80,30-80,30-80,30-80
电池/充电,バッテリー／充電,慢充接口位置,普通充電コネクター位置,車右後側,車左後側,車左後側,車左後側,車右後側,車左後側,車左後側,車左後側,車左後側,車左後側
电池/充电,バッテリー／充電,快充接口位置,急速充電コネクター位置,車右後側,車左後側,車左後側,車左後側,車右後側,車左後側,車左後側,車左後側,車左後側,車左後側
电池/充电,バッテリー／充電,对外交流放电功率(kW),外部交流放電出力(kW),3.3,3.3,3.3,3.3,3.3,3.3,3.3,3.3,3.3,3.3
变速箱,トランスミッション,简称,略称,電気自動車用単速変速機,電気自動車用単速変速機,電気自動車用単速変速機,電気自動車用単速変速機,電気自動車用単速変速機,電気自動車用単速変速機,電気自動車用単速変速機,電気自動車用単速変速機,電気自動車用単速変速機,電気自動車用単速変速機
变速箱,トランスミッション,挡位个数,段数,1,1,1,1,1,1,1,1,1,1
变速箱,トランスミッション,变速箱类型,トランスミッション形式,固定ギア比変速機,固定ギア比変速機,固定ギア比変速機,固定ギア比変速機,固定ギア比変速機,固定ギア比変速機,固定ギア比変速機,固定ギア比変速機,固定ギア比変速機,固定ギア比変速機
底盘转向,シャシー・ステアリング,驱动方式,駆動方式,● 後置後輪駆動,● 後置後輪駆動,● 後置後輪駆動,● デュアルモーター四輪駆動,● 後置後輪駆動,● 後置後輪駆動,● 後置後輪駆動,● 後置後輪駆動,● 後置後輪駆動,● 後置後輪駆動
底盘转向,シャシー・ステアリング,四驱形式,4WD方式,-,-,-,● 電動四輪駆動,-,-,-,-,-,-
底盘转向,シャシー・ステアリング,前悬架类型,フロントサスペンション形式,● マクファーソン式独立サスペンション,● マクファーソン式独立サスペンション,● マクファーソン式独立サスペンション,● マクファーソン式独立サスペンション,● マクファーソン式独立サスペンション,● マクファーソン式独立サスペンション,● マクファーソン式独立サスペンション,● マクファーソン式独立サスペンション,● マクファーソン式独立サスペンション,● マクファーソン式独立サスペンション
底盘转向,シャシー・ステアリング,后悬架类型,リヤサスペンション形式,● 5リンク独立サスペンション,● 5リンク独立サスペンション,● 5リンク独立サスペンション,● 5リンク独立サスペンション,● 5リンク独立サスペンション,● 5リンク独立サスペンション,● 5リンク独立サスペンション,● 5リンク独立サスペンション,● 5リンク独立サスペンション,● 5リンク独立サスペンション
底盘转向,シャシー・ステアリング,助力类型,パワーステアリング形式,● 電動パワーステアリング,● 電動パワーステアリング,● 電動パワーステアリング,● 電動パワーステアリング,● 電動パワーステアリング,● 電動パワーステアリング,● 電動パワーステアリング,● 電動パワーステアリング,● 電動パワーステアリング,● 電動パワーステアリング
底盘转向,シャシー・ステアリング,车体结构,車体構造,モノコック構造,モノコック構造,モノコック構造,モノコック構造,モノコック構造,モノコック構造,モノコック構造,モノコック構造,モノコック構造,モノコック構造
车轮制动,ホイール・ブレーキ,前制动器类型,フロントブレーキ形式,● ベンチレーテッドディスク,● ベンチレーテッドディスク,● ベンチレーテッドディスク,● ベンチレーテッドディスク,● ベンチレーテッドディスク,● ベンチレーテッドディスク,● ベンチレーテッドディスク,● ベンチレーテッドディスク,● ベンチレーテッドディスク,● ベンチレーテッドディスク
车轮制动,ホイール・ブレーキ,后制动器类型,リヤブレーキ形式,● ディスク式,● ディスク式,● ディスク式,● ディスク式,● ディスク式,● ディスク式,● ディスク式,● ディスク式,● ディスク式,● ディスク式
车轮制动,ホイール・ブレーキ,驻车制动类型,パーキングブレーキ形式,● 電子パーキングブレーキ,● 電子パーキングブレーキ,● 電子パーキングブレーキ,● 電子パーキングブレーキ,● 電子パーキングブレーキ,● 電子パーキングブレーキ,● 電子パーキングブレーキ,● 電子パーキングブレーキ,● 電子パーキングブレーキ,● 電子パーキングブレーキ
车轮制动,ホイール・ブレーキ,前轮胎规格,フロントタイヤサイズ,● 245/45 R19タイヤ,● 245/45 R19タイヤ,● 245/45 R19タイヤ,● 245/45 R19タイヤ,● 245/45 R19タイヤ,● 235/50 R18タイヤ,● 245/45 R19タイヤ,● 235/50 R18タイヤ,● 245/45 R19タイヤ,● 235/50 R18タイヤ
车轮制动,ホイール・ブレーキ,后轮胎规格,リヤタイヤサイズ,● 245/45 R19タイヤ,● 245/45 R19タイヤ,● 245/45 R19タイヤ,● 245/45 R19タイヤ,● 245/45 R19タイヤ,● 235/50 R18タイヤ,● 245/45 R19タイヤ,● 235/50 R18タイヤ,● 245/45 R19タイヤ,● 235/50 R18タイヤ
车轮制动,ホイール・ブレーキ,备胎规格,スペアタイヤ仕様,● パンク修理キット,● パンク修理キット,● パンク修理キット,● パンク修理キット,● パンク修理キット,● パンク修理キット,● パンク修理キット,● パンク修理キット,● パンク修理キット,● パンク修理キット
被动安全,衝突安全,主/副驾驶座安全气囊,運転席/助手席エアバッグ,運転席 ● / 助手席 ●,運転席 ● / 助手席 ●,運転席 ● / 助手席 ●,運転席 ● / 助手席 ●,運転席 ● / 助手席 ●,運転席 ● / 助手席 ●,運転席 ● / 助手席 ●,運転席 ● / 助手席 ●,運転席 ● / 助手席 ●,運転席 ● / 助手席 ●
被动安全,衝突安全,前/后排侧气囊,前/後席サイドエアバッグ,前席 ● / 後席,前席 ● / 後席,前席 ● / 後席,前席 ● / 後席,前席 ● / 後席,前席 ● / 後席,前席 ● / 後席,前席 ● / 後席,前席 ● / 後席,前席 ● / 後席
被动安全,衝突安全,前/后排头部气囊(气帘),前/後席カーテンエアバッグ,前席 ● / 後席 ●,前席 ● / 後席 ●,前席 ● / 後席 ●,前席 ● / 後席 ●,前席 ● / 後席 ●,前席 ● / 後席 ●,前席 ● / 後席 ●,前席 ● / 後席 ●,前席 ● / 後席 ●,前席 ● / 後席 ●
主动安全,アクティブセーフティ,ABS防抱死,ABS,●,●,●,●,●,●,●,●,●,●
主动安全,アクティブセーフティ,制动力分配(EBD/CBC等),EBD/CBC,●,●,●,●,●,●,●,●,●,●
主动安全,アクティブセーフティ,刹车辅助(EBA/BAS/BA等),ブレーキアシスト(EBA/BAS/BA),●,●,●,●,●,●,●,●,●,●
主动安全,アクティブセーフティ,牵引力控制(ASR/TCS/TRC等),トラクションコントロール,●,●,●,●,●,●,●,●,●,●
主动安全,アクティブセーフティ,车身稳定控制(ESC/ESP/DSC等),横滑り防止装置,●,●,●,●,●,●,●,●,●,●
主动安全,アクティブセーフティ,胎压监测功能,タイヤ空気圧監視,● タイヤ空気圧表示,● タイヤ空気圧表示,● タイヤ空気圧表示,● タイヤ空気圧表示,● タイヤ空気圧表示,● タイヤ空気圧表示,● タイヤ空気圧表示,● タイヤ空気圧表示,● タイヤ空気圧表示,● タイヤ空気圧表示
主动安全,アクティブセーフティ,安全带未系提醒,シートベルト非着用警告,● 全車両,● 全車両,● 前席,● 全車両,● 前席,● 前席,● 前席,● 前席,● 前席,● 前席
主动安全,アクティブセーフティ,ISOFIX儿童座椅接口,ISOFIXチャイルドシート固定用インターフェース,●,●,●,●,●,●,●,●,●,●
主动安全,アクティブセーフティ,车道偏离预警系统,レーンディパーチャー警報,●,●,●,●,●,●,●,●,●,●
主动安全,アクティブセーフティ,主动刹车/主动安全系统,自動緊急ブレーキ(AEB),●,●,●,●,●,●,●,●,●,●
主动安全,アクティブセーフティ,疲劳驾驶提示,ドライバー疲労警報,●,●,●,●,-,-,-,-,-,-
主动安全,アクティブセーフティ,DOW开门预警,ドアオープン警報(DOW),●,●,●,●,●,-,●,-,●,●
主动安全,アクティブセーフティ,前方碰撞预警,前方衝突警告,●,●,●,●,●,●,●,●,●,●
主动安全,アクティブセーフティ,后方碰撞预警,後方衝突警告,●,●,●,●,●,-,●,-,●,●
主动安全,アクティブセーフティ,哨兵模式/千里眼,セントリーモード/千里眼機能,●,●,●,●,●,●,●,●,●,●
主动安全,アクティブセーフティ,低速行车警告,低速走行警告,●,●,●,●,●,●,●,●,●,●
主动安全,アクティブセーフティ,内置行车记录仪,内蔵ドライブレコーダー,●,●,●,●,●,-,●,-,●,●
主动安全,アクティブセーフティ,道路救援呼叫,緊急通報(eCall),●,●,●,●,●,●,●,●,●,●
驾驶操控,ドライビングコントロール,驾驶模式切换,ドライブモード切替,"● スポーツ
● エコ
● 標準／快適
● カスタム／パーソナライズ","● スポーツ
● エコ
● 標準／快適
● カスタム／パーソナライズ","● スポーツ
● エコ
● 標準／快適
● カスタム／パーソナライズ","● スポーツ
● エコ
● 標準／快適
● カスタム／パーソナライズ","● スポーツ
● エコ
● 標準／快適
● カスタム／パーソナライズ","● スポーツ
● エコ
● 標準／快適
● カスタム／パーソナライズ","● スポーツ
● エコ
● 標準／快適
● カスタム／パーソナライズ","● スポーツ
● エコ
● 標準／快適
● カスタム／パーソナライズ","● スポーツ
● エコ
● 標準／快適
● カスタム／パーソナライズ","● スポーツ
● エコ
● 標準／快適
● カスタム／パーソナライズ"
驾驶操控,ドライビングコントロール,能量回收系统,エネルギー回生システム,●,●,●,●,●,●,●,●,●,●
驾驶操控,ドライビングコントロール,自动驻车,オートホールド,●,●,●,●,●,●,●,●,●,●
驾驶操控,ドライビングコントロール,上坡辅助,ヒルスタートアシスト,●,●,●,●,●,●,●,●,●,●
驾驶操控,ドライビングコントロール,陡坡缓降,ヒルディセントコントロール,●,●,●,●,●,●,●,●,●,●
驾驶操控,ドライビングコントロール,可变悬架功能,可変サスペンション機能,-,-,-,● サスペンション硬さ調整,-,-,-,-,-,-
驾驶硬件,運転ハードウェア,前/后驻车雷达,前/後パーキングセンサー,前席 ● / 後席 ●,前席 ● / 後席 ●,前席 ● / 後席 ●,前席 ● / 後席 ●,前席 ● / 後席 ●,前／後 ●,前席 ● / 後席 ●,前／後 ●,前席 ● / 後席 ●,前席 ● / 後席 ●
驾驶硬件,運転ハードウェア,驾驶辅助影像,運転支援映像,● 360度パノラマ映像,● 360度パノラマ映像,● 360度パノラマ映像,● 360度パノラマ映像,● 360度パノラマ映像,● 360度パノラマ映像,● 360度パノラマ映像,● 360度パノラマ映像,● 360度パノラマ映像,● 360度パノラマ映像
驾驶硬件,運転ハードウェア,透明底盘/540度影像,透明シャーシ/540度カメラ映像,●,●,●,●,●,●,●,●,●,●
驾驶硬件,運転ハードウェア,辅助驾驶芯片,運転支援チップ,● ホライゾン・トレックJ6M,● ホライゾン・トレックJ6M,-,● ホライゾン・トレックJ6M,-,-,-,-,-,-
驾驶硬件,運転ハードウェア,芯片总算力,チップ総演算能力,● 128 TOPS,● 128 TOPS,-,● 128 TOPS,-,-,-,-,-,-
驾驶硬件,運転ハードウェア,前方感知摄像头,前方検知カメラ,● ステレオカメラ,● ステレオカメラ,● モノカメラ,● ステレオカメラ,● モノカメラ,● モノカメラ,● モノカメラ,● モノカメラ,● モノカメラ,● モノカメラ
驾驶硬件,運転ハードウェア,摄像头数量,カメラ台数,● 11個,● 11個,● 10個,● 11個,● 5個,● 5個,● 5個,● 5個,● 5個,● 5個
驾驶硬件,運転ハードウェア,前方感知摄像头像素,前方検知カメラ画素数,● 800万画素,● 800万画素,-,● 800万画素,-,-,-,-,-,-
驾驶硬件,運転ハードウェア,环境感知摄像头像素,環境検知カメラ画素数,● 250万画素,● 250万画素,-,● 250万画素,-,-,-,-,-,-
驾驶硬件,運転ハードウェア,环视摄像头像素,全周囲カメラ画素数,● 300万画素,● 300万画素,● 100万画素,● 300万画素,● 100万画素,● 100万画素,● 100万画素,● 100万画素,● 100万画素,● 100万画素
驾驶硬件,運転ハードウェア,车内摄像头数量,車内カメラ台数,● 2個,● 2個,● 1個,● 2個,-,-,-,-,-,-
驾驶硬件,運転ハードウェア,超声波雷达数量,超音波レーダー台数,● 12個,● 12個,● 12個,● 12個,● 6個,● 4個,● 6個,● 4個,● 6個,● 6個
驾驶硬件,運転ハードウェア,毫米波雷达数量,ミリ波レーダー台数,● 1個,● 1個,● 5個,● 1個,● 2個,-,● 2個,-,● 2個,-
驾驶硬件,運転ハードウェア,激光雷达品牌,LiDARブランド,● HESAI禾赛テクノロジー,● HESAI禾赛テクノロジー,-,● HESAI禾赛テクノロジー,-,-,-,-,-,-
驾驶硬件,運転ハードウェア,激光雷达型号,LiDAR型式,● ATX,● ATX,-,● ATX,-,-,-,-,-,-
驾驶硬件,運転ハードウェア,激光雷达数量,LiDAR台数,● 1個,● 1個,-,● 1個,-,-,-,-,-,-
驾驶功能,運転機能,巡航系统,クルーズコントロール,● 全速度域自動追従クルーズ,● 全速度域自動追従クルーズ,● 全速度域自動追従クルーズ,● 全速度域自動追従クルーズ,● 全速度域自動追従クルーズ,● 全速度域自動追従クルーズ,● 全速度域自動追従クルーズ,● 全速度域自動追従クルーズ,● 全速度域自動追従クルーズ,● 全速度域自動追従クルーズ
驾驶功能,運転機能,辅助驾驶系统,運転支援システム,● eπパイロット,● eπパイロット,● eπパイロット,● eπパイロット,● eπパイロット,● eπパイロット,● eπパイロット,● eπパイロット,● eπパイロット,● eπパイロット
驾驶功能,運転機能,辅助驾驶等级,運転支援レベル,● レベル2,● レベル2,● レベル2,● レベル2,● レベル2,● レベル2,● レベル2,● レベル2,● レベル2,● レベル2
驾驶功能,運転機能,倒车车侧预警系统,後退時車両接近警報,●,●,●,●,●,-,●,-,●,●
驾驶功能,運転機能,卫星导航系统,衛星ナビゲーションシステム,●,●,●,●,●,●,●,●,●,●
驾驶功能,運転機能,导航路况信息显示,ナビ交通情報表示,●,●,●,●,●,●,●,●,●,●
驾驶功能,運転機能,地图品牌,地図ブランド,● 高徳（ガオデ）,● 高徳（ガオデ）,● 高徳（ガオデ）,● 高徳（ガオデ）,● 高徳（ガオデ）,● 高徳（ガオデ）,● 高徳（ガオデ）,● 高徳（ガオデ）,● 高徳（ガオデ）,● 高徳（ガオデ）
驾驶功能,運転機能,高精定位,高精度測位,-,-,●,-,-,-,-,-,-,-
驾驶功能,運転機能,并线辅助,ブラインドスポットアシスト,●,●,●,●,●,-,●,-,●,●
驾驶功能,運転機能,车道保持辅助系统,レーンキープアシスト,●,●,●,●,●,●,●,●,●,●
驾驶功能,運転機能,车道居中保持,車線中央維持,●,●,●,●,●,●,●,●,●,●
驾驶功能,運転機能,道路交通标识识别,交通標識認識,●,●,●,●,●,●,●,●,●,●
驾驶功能,運転機能,辅助泊车入位,駐車支援,●,●,●,●,-,-,-,-,-,-
驾驶功能,運転機能,遥控泊车,リモートパーキング,●,●,●,●,-,-,-,-,-,-
驾驶功能,運転機能,记忆泊车,メモリーパーク機能,●,●,●,●,-,-,-,-,-,-
驾驶功能,運転機能,循迹倒车,トレースバック駐車,●,●,●,●,-,-,-,-,-,-
驾驶功能,運転機能,辅助变道,車線変更支援,●,●,●,●,-,-,-,-,-,-
驾驶功能,運転機能,辅助匝道自动驶出(入),ランプ自動進出支援,●,●,●,●,-,-,-,-,-,-
驾驶功能,運転機能,信号灯识别,信号機認識,●,●,-,●,-,-,-,-,-,-
驾驶功能,運転機能,方向盘离手检测,ハンドル手放し検知,●,●,●,●,●,●,●,●,●,●
驾驶功能,運転機能,辅助驾驶路段,運転支援対応区間,"● 市街地区間
● 高速道路区間","● 市街地区間
● 高速道路区間",● 高速道路区間,"● 市街地区間
● 高速道路区間",-,-,-,-,-,-
外观/防盗,エクステリア・盗難防止,电动扰流板,電動スポイラー,●,●,-,●,●,-,●,-,●,-
外观/防盗,エクステリア・盗難防止,轮圈材质,ホイール材質,● アルミ合金,● アルミ合金,● アルミ合金,● アルミ合金,● アルミ合金,● アルミ合金,● アルミ合金,● アルミ合金,● アルミ合金,● アルミ合金
外观/防盗,エクステリア・盗難防止,无框设计车门,フレームレスドア,●,●,●,●,●,●,●,●,●,●
外观/防盗,エクステリア・盗難防止,电动后备厢,パワーテールゲート,●,●,●,●,●,-,●,-,●,●
外观/防盗,エクステリア・盗難防止,电动后备厢位置记忆,電動トランク位置メモリー,●,●,●,●,●,-,●,-,●,●
外观/防盗,エクステリア・盗難防止,车内中控锁,集中ドアロック,●,●,●,●,●,●,●,●,●,●
外观/防盗,エクステリア・盗難防止,钥匙类型,キー種類,"● リモコンキー
● Bluetoothキー","● リモコンキー
● Bluetoothキー","● リモコンキー
● Bluetoothキー","● リモコンキー
● Bluetoothキー","● リモコンキー
● Bluetoothキー","● リモコンキー
● Bluetoothキー","● リモコンキー
● Bluetoothキー","● リモコンキー
● Bluetoothキー","● リモコンキー
● Bluetoothキー","● リモコンキー
● Bluetoothキー"
外观/防盗,エクステリア・盗難防止,无钥匙启动系统,キーレススタート,●,●,●,●,●,●,●,●,●,●
外观/防盗,エクステリア・盗難防止,无钥匙进入功能,キーレスエントリー機能,● 運転席,● 運転席,● 運転席,● 運転席,● 運転席,● 運転席,● 運転席,● 運転席,● 運転席,● 運転席
外观/防盗,エクステリア・盗難防止,隐藏电动门把手,自動格納式ドアハンドル,●,●,●,●,●,●,●,●,●,●
外观/防盗,エクステリア・盗難防止,主动闭合式进气格栅,アクティブグリルシャッター,-,●,-,●,-,●,●,●,●,●
外观/防盗,エクステリア・盗難防止,远程启动功能,リモートスタート機能,●,●,●,●,●,●,●,●,●,●
外观/防盗,エクステリア・盗難防止,电池预加热,バッテリー予熱,●,●,●,●,●,●,●,●,●,●
外观/防盗,エクステリア・盗難防止,对外放电,外部放電機能,●,●,●,●,●,●,●,●,●,●
车外灯光,外部照明,近光灯光源,ロービーム光源,● LED,● LED,● LED,● LED,● LED,● LED,● LED,● LED,● LED,● LED
车外灯光,外部照明,远光灯光源,ハイビーム光源,● LED,● LED,● LED,● LED,● LED,● LED,● LED,● LED,● LED,● LED
车外灯光,外部照明,LED日间行车灯,LEDデイタイムランニングライト,●,●,●,●,●,●,●,●,●,●
车外灯光,外部照明,自适应远近光,アダプティブハイビーム,●,●,●,●,●,-,●,-,●,-
车外灯光,外部照明,自动头灯,オートヘッドライト,●,●,●,●,●,●,●,●,●,●
车外灯光,外部照明,车前雾灯,フロントフォグランプ,-,-,-,-,-,-,-,-,-,-
车外灯光,外部照明,大灯高度可调,ヘッドライトレベライザー,●,●,●,●,●,●,●,●,●,●
车外灯光,外部照明,大灯延时关闭,ヘッドライト遅延消灯,●,●,●,●,●,●,●,●,●,●
车外灯光,外部照明,场景灯语,シーンライト演出,●,●,●,●,●,-,●,●,●,●
车外灯光,外部照明,辅助驾驶灯,運転支援ライト,●,●,-,●,-,-,-,-,-,-
天窗/玻璃,サンルーフ・ガラス,天窗类型,サンルーフ種類,● 開閉不可パノラマサンルーフ,● 開閉不可パノラマサンルーフ,● 開閉不可パノラマサンルーフ,● 開閉不可パノラマサンルーフ,● 開閉不可パノラマサンルーフ,● 開閉不可パノラマサンルーフ,● 開閉不可パノラマサンルーフ,● 開閉不可パノラマサンルーフ,● 開閉不可パノラマサンルーフ,● 開閉不可パノラマサンルーフ
天窗/玻璃,サンルーフ・ガラス,前/后电动车窗,前/後パワーウィンドウ,前席 ● / 後席 ●,前席 ● / 後席 ●,前席 ● / 後席 ●,前席 ● / 後席 ●,前席 ● / 後席 ●,前席 ● / 後席 ●,前席 ● / 後席 ●,前席 ● / 後席 ●,前席 ● / 後席 ●,前席 ● / 後席 ●
天窗/玻璃,サンルーフ・ガラス,车窗一键升降功能,パワーウインドウワンタッチ昇降,● 全車両,● 全車両,● 全車両,● 全車両,● 全車両,● 全車両,● 全車両,● 全車両,● 全車両,● 全車両
天窗/玻璃,サンルーフ・ガラス,车窗防夹手功能,ウインドウ挟み込み防止機能,●,●,●,●,●,●,●,●,●,●
天窗/玻璃,サンルーフ・ガラス,车内化妆镜,室内化粧鏡,"● 運転席＋照明灯
● 助手席＋照明灯","● 運転席＋照明灯
● 助手席＋照明灯","● 運転席＋照明灯
● 助手席＋照明灯","● 運転席＋照明灯
● 助手席＋照明灯","● 運転席＋照明灯
● 助手席＋照明灯","● 運転席
● 助手席","● 運転席＋照明灯
● 助手席＋照明灯","● 運転席
● 助手席","● 運転席＋照明灯
● 助手席＋照明灯","● 運転席＋照明灯
● 助手席＋照明灯"
天窗/玻璃,サンルーフ・ガラス,后雨刷,リヤワイパー,-,-,-,-,-,-,-,-,-,-
天窗/玻璃,サンルーフ・ガラス,感应雨刷功能,レインセンサー式ワイパー,● 雨量感知式,● 雨量感知式,● 雨量感知式,● 雨量感知式,● 雨量感知式,● 雨量感知式,● 雨量感知式,● 雨量感知式,● 雨量感知式,● 雨量感知式
外后视镜,外側ドアミラー,外后视镜功能,ドアミラー機能,"● 電動調整
● 電動格納
● ドアミラー加熱
● 施錠時自動格納","● 電動調整
● 電動格納
● ドアミラー加熱
● 施錠時自動格納","● 電動調整
● 電動格納
● ドアミラー加熱
● 施錠時自動格納","● 電動調整
● 電動格納
● ドアミラー加熱
● 施錠時自動格納","● 電動調整
● 電動格納
● ドアミラー加熱
● 施錠時自動格納","● 電動調整
● 電動格納
● ドアミラー加熱
● 施錠時自動格納","● 電動調整
● 電動格納
● ドアミラー加熱
● 施錠時自動格納","● 電動調整
● 電動格納
● ドアミラー加熱
● 施錠時自動格納","● 電動調整
● 電動格納
● ドアミラー加熱
● 施錠時自動格納","● 電動調整
● 電動格納
● ドアミラー加熱
● 施錠時自動格納"
互联/智能化,コネクティビティ／スマート機能,中控彩色屏幕,センターカラーディスプレイ,● タッチ液晶画面,● タッチ液晶画面,● タッチ液晶画面,● タッチ液晶画面,● タッチ液晶画面,● タッチ液晶画面,● タッチ液晶画面,● タッチ液晶画面,● タッチ液晶画面,● タッチ液晶画面
互联/智能化,コネクティビティ／スマート機能,中控屏幕尺寸,センターディスプレイサイズ,● 15.6インチ,● 15.6インチ,● 15.6インチ,● 15.6インチ,● 15.6インチ,● 15.6インチ,● 15.6インチ,● 15.6インチ,● 15.6インチ,● 15.6インチ
互联/智能化,コネクティビティ／スマート機能,中控屏幕类型,センターコンソール画面タイプ,● LCD,● LCD,● LCD,● LCD,● LCD,● LCD,● LCD,● LCD,● LCD,● LCD
互联/智能化,コネクティビティ／スマート機能,中控屏幕分辨率,センター画面解像度,● 2.5K,● 2.5K,● 2.5K,● 2.5K,● 2.5K,● 2.5K,● 2.5K,● 2.5K,● 2.5K,● 2.5K
互联/智能化,コネクティビティ／スマート機能,中控液晶屏分屏显示,センター液晶分割表示,●,●,●,●,●,●,●,●,●,●
互联/智能化,コネクティビティ／スマート機能,蓝牙/车载电话,Bluetooth／車載電話,●,●,●,●,●,●,●,●,●,●
互联/智能化,コネクティビティ／スマート機能,手机互联/映射,スマホ連携/ミラーリング,"● CarPlay対応
● HUAWEI HiCar対応
● Carlink対応","● CarPlay対応
● HUAWEI HiCar対応
● Carlink対応","● CarPlay対応
● HUAWEI HiCar対応
● Carlink対応","● CarPlay対応
● HUAWEI HiCar対応
● Carlink対応","● CarPlay対応
● HUAWEI HiCar対応
● Carlink対応","● CarPlay対応
● HUAWEI HiCar対応
● Carlink対応","● CarPlay対応
● HUAWEI HiCar対応
● Carlink対応","● CarPlay対応
● HUAWEI HiCar対応
● Carlink対応","● CarPlay対応
● HUAWEI HiCar対応
● Carlink対応","● CarPlay対応
● HUAWEI HiCar対応
● Carlink対応"
互联/智能化,コネクティビティ／スマート機能,语音识别控制系统,音声認識操作,"● マルチメディアシステム
● ナビ
● 電話
● エアコン
● パワーウインドウ
● シートヒーター
● シートベンチレーション
● シートマッサージ","● マルチメディアシステム
● ナビ
● 電話
● エアコン
● パワーウインドウ
● シートヒーター
● シートベンチレーション
● シートマッサージ","● マルチメディアシステム
● ナビ
● 電話
● エアコン
● パワーウインドウ
● シートヒーター
● シートベンチレーション
● シートマッサージ","● マルチメディアシステム
● ナビ
● 電話
● エアコン
● パワーウインドウ
● シートヒーター
● シートベンチレーション
● シートマッサージ","● マルチメディアシステム
● ナビ
● 電話
● エアコン
● パワーウインドウ
● シートヒーター
● シートベンチレーション
● シートマッサージ","● マルチメディアシステム
● ナビ
● 電話
● エアコン
● パワーウインドウ","● マルチメディアシステム
● ナビ
● 電話
● エアコン
● パワーウインドウ
● シートヒーター
● シートベンチレーション
● シートマッサージ","● マルチメディアシステム
● ナビ
● 電話
● エアコン
● パワーウインドウ","● マルチメディアシステム
● ナビ
● 電話
● エアコン
● パワーウインドウ
● シートヒーター
● シートベンチレーション
● シートマッサージ","● マルチメディアシステム
● ナビ
● 電話
● エアコン
● パワーウインドウ"
互联/智能化,コネクティビティ／スマート機能,语音助手唤醒词,音声アシスタント起動ワード,● こんにちは、奕派,● こんにちは、奕派,● こんにちは、奕派,● こんにちは、奕派,● こんにちは、奕派,● こんにちは、奕派,● こんにちは、奕派,● こんにちは、奕派,● こんにちは、奕派,● こんにちは、奕派
互联/智能化,コネクティビティ／スマート機能,语音免唤醒词,ノーウェイクワード音声認識,●,●,●,●,●,●,●,●,●,●
互联/智能化,コネクティビティ／スマート機能,语音分区域唤醒识别,音声エリア別起動認識,● デュアルゾーン,● デュアルゾーン,● デュアルゾーン,● デュアルゾーン,● デュアルゾーン,● デュアルゾーン,● デュアルゾーン,● デュアルゾーン,● デュアルゾーン,● デュアルゾーン
互联/智能化,コネクティビティ／スマート機能,语音连续识别,連続音声認識,●,●,●,●,●,●,●,●,●,●
互联/智能化,コネクティビティ／スマート機能,可见即可说,見てすぐ話せる機能,●,●,●,●,●,●,●,●,●,●
互联/智能化,コネクティビティ／スマート機能,手势控制,ジェスチャー操作,●,●,-,●,-,-,-,-,-,-
互联/智能化,コネクティビティ／スマート機能,面部识别,顔認証,●,●,●,●,-,-,-,-,-,-
互联/智能化,コネクティビティ／スマート機能,应用商店,アプリストア,●,●,●,●,●,●,●,●,●,●
互联/智能化,コネクティビティ／スマート機能,车载智能系统,車載インテリジェントシステム,● eπ OS,● eπ OS,● eπ OS,● eπ OS,● eπ OS,● eπ OS,● eπ OS,● eπ OS,● eπ OS,● eπ OS
互联/智能化,コネクティビティ／スマート機能,车机智能芯片,車載チップセット,● Qualcomm Snapdragon 8295P,● Qualcomm Snapdragon 8295P,● Qualcomm Snapdragon 8155,● Qualcomm Snapdragon 8295P,● Qualcomm Snapdragon 8155,● Qualcomm Snapdragon 8155,● Qualcomm Snapdragon 8155,● Qualcomm Snapdragon 8155,● Qualcomm Snapdragon 8155,● Qualcomm Snapdragon 8155
互联/智能化,コネクティビティ／スマート機能,车机系统内存(GB),車載システムメモリ(GB),● 24,● 24,● 12,● 24,● 12,● 12,● 12,● 12,● 12,● 12
互联/智能化,コネクティビティ／スマート機能,车机系统存储(GB),車載システムストレージ(GB),● 256,● 256,● 128,● 256,● 128,● 128,● 128,● 128,● 128,● 128
互联/智能化,コネクティビティ／スマート機能,车联网,コネクテッドカー,●,●,●,●,●,●,●,●,●,●
互联/智能化,コネクティビティ／スマート機能,4G/5G网络,4G/5Gネットワーク,● 4G,● 4G,● 4G,● 4G,● 4G,● 4G,● 4G,● 4G,● 4G,● 4G
互联/智能化,コネクティビティ／スマート機能,OTA升级,OTAアップデート,●,●,●,●,●,●,●,●,●,●
互联/智能化,コネクティビティ／スマート機能,Wi-Fi热点,Wi-Fiホットスポット,●,●,●,●,●,●,●,●,●,●
互联/智能化,コネクティビティ／スマート機能,车内生物监测系统,車内バイオモニタリングシステム,●,●,-,●,-,-,-,-,-,-
互联/智能化,コネクティビティ／スマート機能,手机APP远程功能,スマホアプリ遠隔操作,"● ドアコントロール
● ウインドウコントロール
● エンジン始動
● 充電管理
● ライトコントロール
● エアコンコントロール
● ステアリングヒーター
● シートヒーター
● シートベンチレーション
● 車両状態確認／診断
● 車両位置特定／車両探索
● マルチメディアコントロール
● オーナーサービス（充電スタンド、ガソリンスタンド、駐車場検索等）
● メンテナンス／修理予約","● ドアコントロール
● ウインドウコントロール
● エンジン始動
● 充電管理
● ライトコントロール
● エアコンコントロール
● ステアリングヒーター
● シートヒーター
● シートベンチレーション
● 車両状態確認／診断
● 車両位置特定／車両探索
● マルチメディアコントロール
● オーナーサービス（充電スタンド、ガソリンスタンド、駐車場検索等）
● メンテナンス／修理予約","● ドアコントロール
● ウインドウコントロール
● エンジン始動
● 充電管理
● エアコンコントロール
● シートヒーター
● 車両状態確認／診断
● 車両位置特定／車両探索
● オーナーサービス（充電スタンド、ガソリンスタンド、駐車場検索等）
● メンテナンス／修理予約","● ドアコントロール
● ウインドウコントロール
● エンジン始動
● 充電管理
● ライトコントロール
● エアコンコントロール
● ステアリングヒーター
● シートヒーター
● シートベンチレーション
● 車両状態確認／診断
● 車両位置特定／車両探索
● マルチメディアコントロール
● オーナーサービス（充電スタンド、ガソリンスタンド、駐車場検索等）
● メンテナンス／修理予約","● ドアコントロール
● ウインドウコントロール
● エンジン始動
● 充電管理
● ライトコントロール
● エアコンコントロール
● ステアリングヒーター
● シートヒーター
● シートベンチレーション
● 車両状態確認／診断
● 車両位置特定／車両探索
● マルチメディアコントロール
● オーナーサービス（充電スタンド、ガソリンスタンド、駐車場検索等）
● メンテナンス／修理予約","● ドアコントロール
● ウインドウコントロール
● エンジン始動
● 充電管理
● エアコンコントロール
● 車両状態確認／診断
● 車両位置特定／車両探索
● オーナーサービス（充電スタンド、ガソリンスタンド、駐車場検索等）
● メンテナンス／修理予約","● ドアコントロール
● ウインドウコントロール
● エンジン始動
● 充電管理
● ライトコントロール
● エアコンコントロール
● ステアリングヒーター
● シートヒーター
● シートベンチレーション
● 車両状態確認／診断
● 車両位置特定／車両探索
● マルチメディアコントロール
● オーナーサービス（充電スタンド、ガソリンスタンド、駐車場検索等）
● メンテナンス／修理予約","● ドアコントロール
● ウインドウコントロール
● エンジン始動
● 充電管理
● エアコンコントロール
● 車両状態確認／診断
● 車両位置特定／車両探索
● オーナーサービス（充電スタンド、ガソリンスタンド、駐車場検索等）
● メンテナンス／修理予約","● ドアコントロール
● ウインドウコントロール
● エンジン始動
● 充電管理
● ライトコントロール
● エアコンコントロール
● ステアリングヒーター
● シートヒーター
● シートベンチレーション
● 車両状態確認／診断
● 車両位置特定／車両探索
● マルチメディアコントロール
● オーナーサービス（充電スタンド、ガソリンスタンド、駐車場検索等）
● メンテナンス／修理予約","● ドアコントロール
● ウインドウコントロール
● エンジン始動
● 充電管理
● エアコンコントロール
● シートヒーター
● 車両状態確認／診断
● 車両位置特定／車両探索
● オーナーサービス（充電スタンド、ガソリンスタンド、駐車場検索等）
● メンテナンス／修理予約"
互联/智能化,コネクティビティ／スマート機能,模拟声浪,エンジンサウンドシミュレーション,●,●,●,●,●,●,●,-,●,-
互联/智能化,コネクティビティ／スマート機能,车载KTV,車載カラオケ,●,●,-,●,-,-,-,-,-,-
方向盘/内后视镜,ステアリング・内側ミラー,方向盘材质,ステアリング素材,● 本革,● 本革,● 本革,● 本革,● 本革,● 合成皮革,● 本革,● 合成皮革,● 本革,● 合成皮革
方向盘/内后视镜,ステアリング・内側ミラー,方向盘位置调节,ステアリング位置調整,● 手動上下＋前後調整,● 手動上下＋前後調整,● 手動上下＋前後調整,● 手動上下＋前後調整,● 手動上下＋前後調整,● 手動上下＋前後調整,● 手動上下＋前後調整,● 手動上下＋前後調整,● 手動上下＋前後調整,● 手動上下＋前後調整
方向盘/内后视镜,ステアリング・内側ミラー,换挡形式,シフト形式,● 電子式コラムシフト,● 電子式コラムシフト,● 電子式コラムシフト,● 電子式コラムシフト,● 電子式コラムシフト,● 電子式コラムシフト,● 電子式コラムシフト,● 電子式コラムシフト,● 電子式コラムシフト,● 電子式コラムシフト
方向盘/内后视镜,ステアリング・内側ミラー,多功能方向盘,多機能ステアリング,●,●,●,●,●,●,●,●,●,●
方向盘/内后视镜,ステアリング・内側ミラー,方向盘加热,ステアリングヒーター,●,●,●,●,●,-,●,-,●,-
方向盘/内后视镜,ステアリング・内側ミラー,方向盘记忆,ステアリング位置メモリー,-,-,-,-,-,-,-,-,-,-
方向盘/内后视镜,ステアリング・内側ミラー,行车电脑显示屏幕,ドライブコンピュータ表示画面,● カラー,● カラー,● カラー,● カラー,● カラー,● カラー,● カラー,● カラー,● カラー,● カラー
方向盘/内后视镜,ステアリング・内側ミラー,全液晶仪表盘,フル液晶メーター,●,●,●,●,●,●,●,●,●,●
方向盘/内后视镜,ステアリング・内側ミラー,液晶仪表尺寸,液晶メーターサイズ,● 10.25インチ,● 10.25インチ,● 10.25インチ,● 10.25インチ,● 10.25インチ,● 10.25インチ,● 10.25インチ,● 10.25インチ,● 10.25インチ,● 10.25インチ
方向盘/内后视镜,ステアリング・内側ミラー,HUD抬头数字显示,ヘッドアップディスプレイ,●,●,●,●,●,-,●,-,●,●
方向盘/内后视镜,ステアリング・内側ミラー,HUD抬头尺寸,ヘッドアップディスプレイサイズ,● 10.9インチ,● 10.9インチ,● 10.9インチ,● 10.9インチ,● 10.9インチ,-,● 10.9インチ,-,● 10.9インチ,-
方向盘/内后视镜,ステアリング・内側ミラー,内后视镜功能,ルームミラー機能,● 手動防眩目ミラー,● 手動防眩目ミラー,● 手動防眩目ミラー,● 手動防眩目ミラー,● 手動防眩目ミラー,● 手動防眩目ミラー,● 手動防眩目ミラー,● 手動防眩目ミラー,● 手動防眩目ミラー,● 手動防眩目ミラー
车内充电,車内充電設備,多媒体/充电接口,マルチメディア/充電ポート,"● USB
● Type-C","● USB
● Type-C","● USB
● Type-C","● USB
● Type-C","● USB
● Type-C","● USB
● Type-C","● USB
● Type-C","● USB
● Type-C","● USB
● Type-C","● USB
● Type-C"
车内充电,車内充電設備,USB/Type-C接口数量,USB/Type-Cポート数,● 前席2個／後席2個,● 前席2個／後席2個,● 前席2個／後席2個,● 前席2個／後席2個,● 前席2個／後席2個,● 前席2個／後席2個,● 前席2個／後席2個,● 前席2個／後席2個,● 前席2個／後席2個,● 前席2個／後席2個
车内充电,車内充電設備,USB/Type-C最大充电功率,USB/Type-C最大充電出力,● 18W,● 18W,● 18W,● 18W,● 18W,● 18W,● 18W,● 18W,● 18W,● 18W
车内充电,車内充電設備,手机无线充电功能,スマホワイヤレス充電機能,● 前席,● 前席,● 前席,● 前席,● 前席,-,● 前席,-,● 前席,● 前席
车内充电,車内充電設備,手机无线充电功率,スマホワイヤレス充電出力,● 50W,● 50W,● 50W,● 50W,● 50W,-,● 50W,-,● 50W,● 50W
座椅配置,シート装備,座椅材质,シート素材,● 合成皮革,● 合成皮革,● 合成皮革,● 合成皮革,● 合成皮革,● 合成皮革,● 合成皮革,● 合成皮革,● 合成皮革,● 合成皮革
座椅配置,シート装備,主座椅调节方式,運転席シート調整方式,"● 前後スライド調整
● リクライニング調整
● 高さ調整（2方向）
● 腰部サポート（4方向）","● 前後スライド調整
● リクライニング調整
● 高さ調整（2方向）
● 腰部サポート（4方向）","● 前後スライド調整
● リクライニング調整
● 高さ調整（2方向）
● 腰部サポート（4方向）","● 前後スライド調整
● リクライニング調整
● 高さ調整（2方向）
● 腰部サポート（4方向）","● 前後スライド調整
● リクライニング調整
● 高さ調整（2方向）
● 腰部サポート（4方向）","● 前後スライド調整
● リクライニング調整
● 高さ調整（2方向）","● 前後スライド調整
● リクライニング調整
● 高さ調整（2方向）
● 腰部サポート（4方向）","● 前後スライド調整
● リクライニング調整
● 高さ調整（2方向）","● 前後スライド調整
● リクライニング調整
● 高さ調整（2方向）
● 腰部サポート（4方向）","● 前後スライド調整
● リクライニング調整
● 高さ調整（2方向）
● 腰部サポート（4方向）"
座椅配置,シート装備,副座椅调节方式,助手席シート調整方式,"● 前後スライド調整
● リクライニング調整","● 前後スライド調整
● リクライニング調整","● 前後スライド調整
● リクライニング調整","● 前後スライド調整
● リクライニング調整","● 前後スライド調整
● リクライニング調整","● 前後スライド調整
● リクライニング調整","● 前後スライド調整
● リクライニング調整","● 前後スライド調整
● リクライニング調整","● 前後スライド調整
● リクライニング調整","● 前後スライド調整
● リクライニング調整"
座椅配置,シート装備,主/副驾驶座电动调节,運転席/助手席電動調整,運転席 ● / 助手席 ●,運転席 ● / 助手席 ●,運転席 ● / 助手席 ●,運転席 ● / 助手席 ●,運転席 ● / 助手席 ●,運転席 ● / 助手席 ●,運転席 ● / 助手席 ●,運転席 ● / 助手席 ●,運転席 ● / 助手席 ●,運転席 ● / 助手席 ●
座椅配置,シート装備,前排座椅功能,フロントシート機能,"● シートヒーター
● ベンチレーション
● マッサージ機能（運転席のみ）
● ヘッドレストスピーカー","● シートヒーター
● ベンチレーション
● マッサージ機能（運転席のみ）
● ヘッドレストスピーカー","● シートヒーター
● ベンチレーション
● マッサージ機能（運転席のみ）
● ヘッドレストスピーカー（運転席のみ）","● シートヒーター
● ベンチレーション
● マッサージ機能（運転席のみ）
● ヘッドレストスピーカー","● シートヒーター
● ベンチレーション
● マッサージ機能（運転席のみ）
● ヘッドレストスピーカー（運転席のみ）",-,"● シートヒーター
● ベンチレーション
● マッサージ機能（運転席のみ）
● ヘッドレストスピーカー（運転席のみ）",-,"● シートヒーター
● ベンチレーション
● マッサージ機能（運転席のみ）
● ヘッドレストスピーカー（運転席のみ）","● シートヒーター
● ベンチレーション
● マッサージ機能（運転席のみ）
● ヘッドレストスピーカー（運転席のみ）"
座椅配置,シート装備,电动座椅记忆功能,電動シートメモリー機能,● 運転席,● 運転席,● 運転席,● 運転席,● 運転席,● 運転席,● 運転席,● 運転席,● 運転席,● 運転席
座椅配置,シート装備,副驾驶位后排可调节按钮,助手席後部調整ボタン,-,-,-,-,-,-,-,-,-,-
座椅配置,シート装備,第二排座椅调节,2列目シート調整,-,-,-,-,-,-,-,-,-,-
座椅配置,シート装備,后排座椅放倒形式,後部シート倒し方,● フルフラット倒し,● フルフラット倒し,● フルフラット倒し,● フルフラット倒し,● フルフラット倒し,● フルフラット倒し,● フルフラット倒し,● フルフラット倒し,● フルフラット倒し,● フルフラット倒し
座椅配置,シート装備,前/后中央扶手,フロント/リヤセンターアームレスト,前席 ● / 後席 ●,前席 ● / 後席 ●,前席 ● / 後席 ●,前席 ● / 後席 ●,前席 ● / 後席 ●,前席 ● / 後席 ●,前席 ● / 後席 ●,前席 ● / 後席 ●,前席 ● / 後席 ●,前席 ● / 後席 ●
座椅配置,シート装備,后排杯架,後席カップホルダー,●,●,●,●,●,●,●,●,●,●
音响/车内灯光,オーディオ・室内照明,扬声器品牌名称,スピーカーブランド名,-,-,-,-,-,-,-,-,-,-
音响/车内灯光,オーディオ・室内照明,扬声器数量,スピーカー数,● 20スピーカー,● 20スピーカー,● 20スピーカー,● 20スピーカー,● 20スピーカー,● 9スピーカー,● 20スピーカー,● 9スピーカー,● 20スピーカー,● 20スピーカー
音响/车内灯光,オーディオ・室内照明,车外扬声器数量,車外スピーカー数,● 1スピーカー,● 1スピーカー,● 1スピーカー,● 1スピーカー,● 1スピーカー,● 1スピーカー,● 1スピーカー,● 1スピーカー,● 1スピーカー,● 1スピーカー
音响/车内灯光,オーディオ・室内照明,WANOS全景声,WANOSサラウンドサウンド,●,●,●,●,●,-,●,-,●,●
音响/车内灯光,オーディオ・室内照明,触摸式阅读灯,タッチ式読書灯,●,●,●,●,●,●,●,-,●,-
音响/车内灯光,オーディオ・室内照明,车内环境氛围灯,車内アンビエントライト,● 64色,● 64色,● 64色,● 64色,● 64色,-,● 64色,-,● 64色,● 64色
音响/车内灯光,オーディオ・室内照明,主动式环境氛围灯,アクティブアンビエントライト,●,●,●,●,●,-,●,-,●,-
空调/冰箱,エアコン・冷蔵庫,空调温度控制方式,エアコン温度調整方式,● オートエアコン,● オートエアコン,● オートエアコン,● オートエアコン,● オートエアコン,● オートエアコン,● オートエアコン,● オートエアコン,● オートエアコン,● オートエアコン
空调/冰箱,エアコン・冷蔵庫,热泵空调,ヒートポンプエアコン,-,●,●,●,-,●,●,●,●,●
空调/冰箱,エアコン・冷蔵庫,后排独立空调,後席独立エアコン,-,-,-,-,-,-,-,-,-,-
空调/冰箱,エアコン・冷蔵庫,后座出风口,後部座席エアアウトレット,●,●,●,●,●,●,●,●,●,●
空调/冰箱,エアコン・冷蔵庫,温度分区控制,温度ゾーン別制御,-,-,-,-,-,-,-,-,-,-
空调/冰箱,エアコン・冷蔵庫,车载空气净化器,車載空気清浄機,-,-,-,-,-,-,-,-,-,-
空调/冰箱,エアコン・冷蔵庫,车内PM2.5过滤装置,車内PM2.5フィルター,●,●,●,●,●,●,●,●,●,●
空调/冰箱,エアコン・冷蔵庫,车内香氛装置,車内アロマ装置,●,●,●,●,●,-,●,-,●,-
颜色,カラー,外观颜色,外装色,–,–,–,–,–,–,–,–,–,–
颜色,カラー,内饰颜色,内装色,–,–,–,–,–,–,–,–,–,–
